<?xml version="1.0" standalone="no"?>
<!DOCTYPE svg PUBLIC "-//W3C//DTD SVG 20010904//EN"
 "http://www.w3.org/TR/2001/REC-SVG-20010904/DTD/svg10.dtd">
<svg version="1.0" xmlns="http://www.w3.org/2000/svg"
 width="1280.000000pt" height="1280.000000pt" viewBox="0 0 1280.000000 1280.000000"
 preserveAspectRatio="xMidYMid meet">
<g transform="translate(0.000000,1280.000000) scale(0.100000,-0.100000)"
fill="#000000" stroke="none">
<path d="M6205 12705 c-699 -132 -1320 -1344 -1639 -3203 -18 -106 -36 -196
-40 -199 -3 -4 -41 6 -84 21 -790 287 -1564 495 -2162 580 -271 39 -357 46
-611 53 -341 9 -576 -18 -792 -88 -321 -105 -515 -323 -534 -600 -43 -635 772
-1636 2199 -2702 103 -77 188 -145 188 -152 0 -6 -48 -46 -107 -90 -1062 -786
-1845 -1598 -2136 -2216 -99 -208 -137 -353 -137 -524 0 -199 45 -311 180
-445 72 -73 100 -93 190 -138 176 -86 343 -124 634 -144 673 -46 1746 173
2938 598 114 41 214 74 222 74 18 0 18 0 51 -200 192 -1160 535 -2144 937
-2685 261 -351 534 -525 826 -525 134 0 210 18 337 80 487 238 916 1006 1219
2180 74 287 172 776 217 1075 6 44 15 84 19 88 4 5 115 -29 246 -76 1350 -480
2436 -685 3142 -591 354 47 591 168 716 366 379 601 -407 1750 -2069 3022 -99
76 -181 144 -183 151 -2 7 77 72 175 146 1031 774 1746 1514 2043 2114 107
217 152 380 152 555 1 173 -44 297 -148 409 -293 317 -966 399 -1945 236 -566
-94 -1164 -254 -1897 -507 -112 -38 -208 -66 -212 -61 -5 4 -25 100 -45 213
-165 932 -398 1694 -689 2255 -143 276 -279 471 -445 635 -247 246 -497 344
-756 295z m320 -273 c559 -193 1044 -1252 1314 -2867 22 -132 43 -267 46 -301
l7 -61 -392 -157 c-447 -180 -733 -300 -970 -410 -91 -42 -172 -76 -180 -76
-8 0 -108 43 -222 95 -281 128 -567 250 -978 417 -190 77 -349 144 -354 148
-11 11 9 142 70 478 268 1476 720 2475 1226 2712 143 67 282 74 433 22z m4893
-2688 c315 -41 535 -164 626 -349 35 -71 45 -125 46 -226 1 -482 -595 -1230
-1660 -2080 -248 -198 -682 -519 -702 -519 -5 0 -80 51 -166 113 -288 208
-723 492 -1074 702 -81 48 -152 92 -157 99 -5 6 -14 115 -21 241 -20 419 -61
831 -117 1173 -17 107 -23 166 -16 173 13 13 342 131 593 213 904 296 1638
456 2210 480 120 5 316 -4 438 -20z m-9442 -19 c418 -40 920 -144 1496 -309
352 -102 1006 -320 1031 -345 5 -5 -1 -66 -17 -153 -53 -286 -101 -744 -126
-1208 -6 -113 -15 -214 -20 -226 -4 -12 -80 -65 -176 -124 -250 -153 -438
-275 -842 -548 -317 -213 -367 -243 -385 -234 -55 25 -537 391 -801 606 -350
287 -798 716 -998 957 -264 317 -429 594 -489 818 -112 422 118 693 649 766
135 18 485 18 678 0z m2982 -831 c293 -109 964 -407 1059 -469 33 -22 22 -32
-77 -71 -119 -46 -432 -203 -642 -322 -404 -230 -663 -370 -672 -365 -26 17
96 1230 130 1284 9 15 18 12 202 -57z m2956 49 c22 -74 69 -389 90 -603 13
-127 19 -219 41 -575 7 -118 4 -119 -107 -48 -245 159 -874 497 -1170 628 -60
27 -108 54 -108 60 0 11 174 96 435 213 231 103 791 342 802 342 6 0 14 -8 17
-17z m-1125 -909 c433 -220 1256 -676 1271 -704 30 -57 51 -852 31 -1220 -6
-118 -14 -291 -17 -385 -7 -237 -4 -226 -72 -270 -230 -154 -781 -456 -1258
-692 -216 -106 -401 -193 -413 -193 -27 0 -791 382 -1051 525 -425 234 -655
373 -664 402 -10 34 -25 148 -37 288 -16 182 -16 1103 0 1325 18 251 -8 211
220 343 441 257 889 496 1229 656 125 59 243 114 262 123 19 9 43 17 54 17 10
1 210 -96 445 -215z m-2486 -966 c-10 -134 -10 -1187 0 -1300 8 -82 7 -88 -11
-88 -48 0 -1132 704 -1132 736 0 25 699 500 1055 717 95 58 97 56 88 -65z
m4259 -5 c278 -172 919 -607 940 -638 11 -15 -20 -41 -177 -151 -214 -149
-934 -614 -952 -614 -4 0 -8 340 -8 755 0 596 3 755 12 755 7 0 91 -48 185
-107z m-5467 -899 c261 -194 680 -461 1063 -679 110 -62 177 -106 181 -119 5
-12 11 -103 15 -203 13 -370 45 -721 102 -1125 20 -141 34 -263 31 -271 -6
-15 -227 -98 -557 -207 -1355 -450 -2394 -593 -2921 -400 -301 110 -436 343
-373 648 99 485 691 1182 1674 1972 234 188 623 480 640 480 9 0 74 -43 145
-96z m6734 34 c1373 -991 2193 -1892 2260 -2479 40 -351 -170 -571 -614 -645
-148 -25 -506 -25 -720 0 -601 69 -1322 257 -2192 569 -278 101 -393 147 -393
161 0 6 11 79 25 161 32 197 71 514 89 745 15 173 36 535 36 607 0 31 6 36
123 104 337 199 790 494 1097 713 96 69 181 126 189 126 8 0 53 -28 100 -62z
m-5087 -1086 c81 -55 241 -146 423 -242 66 -35 194 -104 285 -153 177 -97 349
-180 498 -242 50 -21 92 -42 92 -46 0 -12 -215 -119 -478 -238 -334 -151 -782
-328 -802 -316 -15 9 -61 315 -90 599 -21 207 -45 659 -36 683 8 19 21 14 108
-45z m3302 50 c6 -11 -10 -292 -29 -507 -30 -325 -89 -743 -109 -771 -11 -14
-29 -9 -171 44 -416 156 -1109 470 -1103 500 2 8 60 39 133 70 269 114 912
451 1155 605 109 69 116 72 124 59z m-1476 -971 c351 -176 824 -380 1232 -533
81 -30 80 -27 45 -260 -262 -1705 -759 -2820 -1338 -3003 -91 -29 -228 -34
-314 -11 -229 61 -445 261 -645 599 -309 520 -562 1341 -737 2386 -30 176 -38
247 -31 256 6 8 55 30 108 50 486 186 914 370 1227 528 116 58 211 106 213
106 2 1 110 -52 240 -118z"/>
<path d="M6141 7029 c-117 -30 -213 -83 -299 -165 -87 -81 -131 -149 -170
-256 -22 -62 -26 -90 -26 -188 0 -100 4 -125 27 -193 91 -262 322 -428 617
-444 142 -8 245 13 370 74 78 38 110 61 176 127 127 127 184 259 184 431 0
300 -209 550 -517 619 -100 22 -267 20 -362 -5z"/>
</g>
</svg>
